# sample of what Rosie agent sends to SVS viewer on connection
# svs connect_viewer 12122
-S1
+S1 +robot    p -1 1 0.900999 r 0 0 1 -1.73205e-07  s 1 1 1
+S1 +robot_pos    p -1 1 0.900999 r 0 0 1 -1.73205e-07  s 1 1 1
+S1 +robot_body  v 0.5 0.5 0.5 0.5 0.5 -0.5 0.5 -0.5 0.5 0.5 -0.5 -0.5 -0.5 0.5 0.5 -0.5 0.5 -0.5 -0.5 -0.5 0.5 -0.5 -0.5 -0.5   p -1.2 1 0.900999 r 0 0 1 -1.73205e-07  s 0.5 0.5 1
+S1 +Apple1  v 0.5 0.5 0.5 0.5 0.5 -0.5 0.5 -0.5 0.5 0.5 -0.5 -0.5 -0.5 0.5 0.5 -0.5 0.5 -0.5 -0.5 -0.5 0.5 -0.5 -0.5 -0.5   p -0.465155 0.475745 1.15673 r 0 0 0 1  s 0.106014 0.106025 0.11345
+S1 +Book2  v 0.5 0.5 0.5 0.5 0.5 -0.5 0.5 -0.5 0.5 0.5 -0.5 -0.5 -0.5 0.5 0.5 -0.5 0.5 -0.5 -0.5 -0.5 0.5 -0.5 -0.5 -0.5   p 0.153736 0.615839 1.13034 r 0 0 0 1  s 0.534262 0.532402 0.061983
+S1 +Bottle3  v 0.5 0.5 0.5 0.5 0.5 -0.5 0.5 -0.5 0.5 0.5 -0.5 -0.5 -0.5 0.5 0.5 -0.5 0.5 -0.5 -0.5 -0.5 0.5 -0.5 -0.5 -0.5   p 1.53999 -2.53996 1.01292 r 0 0 0 1  s 0.106766 0.106767 0.253535
+S1 +Bowl4  v 0.5 0.5 0.5 0.5 0.5 -0.5 0.5 -0.5 0.5 0.5 -0.5 -0.5 -0.5 0.5 0.5 -0.5 0.5 -0.5 -0.5 -0.5 0.5 -0.5 -0.5 -0.5   p 0.273187 -0.753285 1.14409 r 0 0 0 1  s 0.186428 0.186428 0.088177
+S1 +Bread5  v 0.5 0.5 0.5 0.5 0.5 -0.5 0.5 -0.5 0.5 0.5 -0.5 -0.5 -0.5 0.5 0.5 -0.5 0.5 -0.5 -0.5 -0.5 0.5 -0.5 -0.5 -0.5   p -0.522383 -0.028279 1.17388 r 0 0 0 1  s 0.118342 0.28678 0.147767
+S1 +ButterKnife6  v 0.5 0.5 0.5 0.5 0.5 -0.5 0.5 -0.5 0.5 0.5 -0.5 -0.5 -0.5 0.5 0.5 -0.5 0.5 -0.5 -0.5 -0.5 0.5 -0.5 -0.5 -0.5   p -0.415313 -0.459574 1.10333 r 0 0 0 1  s 0.021218 0.268427 0.006664
+S1 +Cabinet7  v 0.5 0.5 0.5 0.5 0.5 -0.5 0.5 -0.5 0.5 0.5 -0.5 -0.5 -0.5 0.5 0.5 -0.5 0.5 -0.5 -0.5 -0.5 0.5 -0.5 -0.5 -0.5   p 0.45 -2.3882 0.495 r 0 0 0 1  s 0.470001 0.4306 0.75
+S1 +Cabinet8  v 0.5 0.5 0.5 0.5 0.5 -0.5 0.5 -0.5 0.5 0.5 -0.5 -0.5 -0.5 0.5 0.5 -0.5 0.5 -0.5 -0.5 -0.5 0.5 -0.5 -0.5 -0.5   p -1.10391 -2.3882 0.495 r 0 0 0 1  s 0.777824 0.4306 0.75
+S1 +Cabinet9  v 0.5 0.5 0.5 0.5 0.5 -0.5 0.5 -0.5 0.5 0.5 -0.5 -0.5 -0.5 0.5 0.5 -0.5 0.5 -0.5 -0.5 -0.5 0.5 -0.5 -0.5 -0.5   p -1.7429 0.205 0.44 r 0 0 0 1  s 0.421201 0.360001 0.640001
+S1 +Cabinet10  v 0.5 0.5 0.5 0.5 0.5 -0.5 0.5 -0.5 0.5 0.5 -0.5 -0.5 -0.5 0.5 0.5 -0.5 0.5 -0.5 -0.5 -0.5 0.5 -0.5 -0.5 -0.5   p 0.949 -2.59073 2.015 r 0 0 0 1  s 0.474001 0.315667 0.750001
+S1 +Cabinet11  v 0.5 0.5 0.5 0.5 0.5 -0.5 0.5 -0.5 0.5 0.5 -0.5 -0.5 -0.5 0.5 0.5 -0.5 0.5 -0.5 -0.5 -0.5 0.5 -0.5 -0.5 -0.5   p -1.98503 0.099868 2.01536 r 0 0 0 1  s 0.32721 0.57965 0.754123
+S1 +Cabinet12  v 0.5 0.5 0.5 0.5 0.5 -0.5 0.5 -0.5 0.5 0.5 -0.5 -0.5 -0.5 0.5 0.5 -0.5 0.5 -0.5 -0.5 -0.5 0.5 -0.5 -0.5 -0.5   p 0.45 -2.59094 2.015 r 0 0 0 1  s 0.470001 0.316082 0.75
+S1 +Cabinet13  v 0.5 0.5 0.5 0.5 0.5 -0.5 0.5 -0.5 0.5 0.5 -0.5 -0.5 -0.5 0.5 0.5 -0.5 0.5 -0.5 -0.5 -0.5 0.5 -0.5 -0.5 -0.5   p -1.7382 -1.5045 0.495 r 0 0 0 1  s 0.430601 0.941001 0.750001
+S1 +Cabinet14  v 0.5 0.5 0.5 0.5 0.5 -0.5 0.5 -0.5 0.5 0.5 -0.5 -0.5 -0.5 0.5 0.5 -0.5 0.5 -0.5 -0.5 -0.5 0.5 -0.5 -0.5 -0.5   p -1.45425 -2.59153 2.015 r 0 0 0 1  s 0.472101 0.314068 0.750001
+S1 +Cabinet15  v 0.5 0.5 0.5 0.5 0.5 -0.5 0.5 -0.5 0.5 0.5 -0.5 -0.5 -0.5 0.5 0.5 -0.5 0.5 -0.5 -0.5 -0.5 0.5 -0.5 -0.5 -0.5   p -0.9578 -2.59074 2.015 r 0 0 0 1  s 0.470001 0.31568 0.75
+S1 +CoffeeMachine16  v 0.5 0.5 0.5 0.5 0.5 -0.5 0.5 -0.5 0.5 0.5 -0.5 -0.5 -0.5 0.5 0.5 -0.5 0.5 -0.5 -0.5 -0.5 0.5 -0.5 -0.5 -0.5   p -1.87292 -0.190365 1.12116 r 0 0 0 1  s 0.492646 0.294717 0.44227
+S1 +CounterTop17  v 0.5 0.5 0.5 0.5 0.5 -0.5 0.5 -0.5 0.5 0.5 -0.5 -0.5 -0.5 0.5 0.5 -0.5 0.5 -0.5 -0.5 -0.5 0.5 -0.5 -0.5 -0.5   p 0.707727 -2.49227 0.90935 r 0 0 0 1  s 1.01545 0.615454 0.0157
+S1 +CounterTop18  v 0.5 0.5 0.5 0.5 0.5 -0.5 0.5 -0.5 0.5 0.5 -0.5 -0.5 -0.5 0.5 0.5 -0.5 0.5 -0.5 -0.5 -0.5 0.5 -0.5 -0.5 -0.5   p -0.06 -0.005 1.1098 r 0 0 0 1  s 1.12 2.03 0.0166
+S1 +CounterTop19  v 0.5 0.5 0.5 0.5 0.5 -0.5 0.5 -0.5 0.5 0.5 -0.5 -0.5 -0.5 0.5 0.5 -0.5 0.5 -0.5 -0.5 -0.5 0.5 -0.5 -0.5 -0.5   p -1.45 -1.19227 0.90945 r 0 0 0 1  s 1.5 3.21545 0.0169
+S1 +CreditCard20  v 0.5 0.5 0.5 0.5 0.5 -0.5 0.5 -0.5 0.5 0.5 -0.5 -0.5 -0.5 0.5 0.5 -0.5 0.5 -0.5 -0.5 -0.5 0.5 -0.5 -0.5 -0.5   p -0.463665 0.86527 1.10224 r 0 0 0 1  s 0.097864 0.100114 0.00449
+S1 +Cup21  v 0.5 0.5 0.5 0.5 0.5 -0.5 0.5 -0.5 0.5 0.5 -0.5 -0.5 -0.5 0.5 0.5 -0.5 0.5 -0.5 -0.5 -0.5 0.5 -0.5 -0.5 -0.5   p 0.371371 -2.57955 1.7159 r 0 0 0 1  s 0.085199 0.084837 0.141803
+S1 +DishSponge22  v 0.5 0.5 0.5 0.5 0.5 -0.5 0.5 -0.5 0.5 0.5 -0.5 -0.5 -0.5 0.5 0.5 -0.5 0.5 -0.5 -0.5 -0.5 0.5 -0.5 -0.5 -0.5   p -1.92956 -1.71111 0.666931 r 0 0 0 1  s 0.128873 0.157309 0.081501
+S1 +Drawer23  v 0.5 0.5 0.5 0.5 0.5 -0.5 0.5 -0.5 0.5 0.5 -0.5 -0.5 -0.5 0.5 0.5 -0.5 0.5 -0.5 -0.5 -0.5 0.5 -0.5 -0.5 -0.5   p -1.73264 -0.197 0.603908 r 0 0 0 1  s 0.390051 0.409787 0.315745
+S1 +Drawer24  v 0.5 0.5 0.5 0.5 0.5 -0.5 0.5 -0.5 0.5 0.5 -0.5 -0.5 -0.5 0.5 0.5 -0.5 0.5 -0.5 -0.5 -0.5 0.5 -0.5 -0.5 -0.5   p 0.95 -2.36924 0.814555 r 0 0 0 1  s 0.479523 0.390051 0.112316
+S1 +Drawer25  v 0.5 0.5 0.5 0.5 0.5 -0.5 0.5 -0.5 0.5 0.5 -0.5 -0.5 -0.5 0.5 0.5 -0.5 0.5 -0.5 -0.5 -0.5 0.5 -0.5 -0.5 -0.5   p 0.95 -2.37334 0.535674 r 0 0 0 1  s 0.479523 0.39005 0.149747
+S1 +Drawer26  v 0.5 0.5 0.5 0.5 0.5 -0.5 0.5 -0.5 0.5 0.5 -0.5 -0.5 -0.5 0.5 0.5 -0.5 0.5 -0.5 -0.5 -0.5 0.5 -0.5 -0.5 -0.5   p -1.73324 0.2045 0.82434 r 0 0 0 1  s 0.390051 0.358109 0.093938
+S1 +Drawer27  v 0.5 0.5 0.5 0.5 0.5 -0.5 0.5 -0.5 0.5 0.5 -0.5 -0.5 -0.5 0.5 0.5 -0.5 0.5 -0.5 -0.5 -0.5 0.5 -0.5 -0.5 -0.5   p 0.95 -2.37324 0.196674 r 0 0 0 1  s 0.479523 0.39005 0.149747
+S1 +Drawer28  v 0.5 0.5 0.5 0.5 0.5 -0.5 0.5 -0.5 0.5 0.5 -0.5 -0.5 -0.5 0.5 0.5 -0.5 0.5 -0.5 -0.5 -0.5 0.5 -0.5 -0.5 -0.5   p 0.95 -2.37244 0.688275 r 0 0 0 1  s 0.479523 0.390051 0.122041
+S1 +Drawer29  v 0.5 0.5 0.5 0.5 0.5 -0.5 0.5 -0.5 0.5 0.5 -0.5 -0.5 -0.5 0.5 0.5 -0.5 0.5 -0.5 -0.5 -0.5 0.5 -0.5 -0.5 -0.5   p 0.95 -2.37324 0.369674 r 0 0 0 1  s 0.479523 0.39005 0.149747
+S1 +Drawer30  v 0.5 0.5 0.5 0.5 0.5 -0.5 0.5 -0.5 0.5 0.5 -0.5 -0.5 -0.5 0.5 0.5 -0.5 0.5 -0.5 -0.5 -0.5 0.5 -0.5 -0.5 -0.5   p -1.73264 -0.197 0.279708 r 0 0 0 1  s 0.390051 0.409787 0.315745
+S1 +Drawer31  v 0.5 0.5 0.5 0.5 0.5 -0.5 0.5 -0.5 0.5 0.5 -0.5 -0.5 -0.5 0.5 0.5 -0.5 0.5 -0.5 -0.5 -0.5 0.5 -0.5 -0.5 -0.5   p -1.73324 -0.1971 0.82434 r 0 0 0 1  s 0.39005 0.403363 0.093937
+S1 +Egg32  v 0.5 0.5 0.5 0.5 0.5 -0.5 0.5 -0.5 0.5 0.5 -0.5 -0.5 -0.5 0.5 0.5 -0.5 0.5 -0.5 -0.5 -0.5 0.5 -0.5 -0.5 -0.5   p -2.03767 1.24465 0.812333 r 0 0 0 1  s 0.058744 0.073069 0.056484
+S1 +Faucet33  v 0.5 0.5 0.5 0.5 0.5 -0.5 0.5 -0.5 0.5 0.5 -0.5 -0.5 -0.5 0.5 0.5 -0.5 0.5 -0.5 -0.5 -0.5 0.5 -0.5 -0.5 -0.5   p -2.06928 -1.54175 1.06761 r 0 0 0 1  s 0.203548 0.18214 0.33757
+S1 +Floor34  v 0.5 0.5 0.5 0.5 0.5 -0.5 0.5 -0.5 0.5 0.5 -0.5 -0.5 -0.5 0.5 0.5 -0.5 0.5 -0.5 -0.5 -0.5 0.5 -0.5 -0.5 -0.5   p 0.015 -0.2 -0.05 r 0 0 0 1  s 4.83 5.4 0.1
+S1 +Fork35  v 0.5 0.5 0.5 0.5 0.5 -0.5 0.5 -0.5 0.5 0.5 -0.5 -0.5 -0.5 0.5 0.5 -0.5 0.5 -0.5 -0.5 -0.5 0.5 -0.5 -0.5 -0.5   p 0.949365 -2.3874 0.776406 r 0 0 0 1  s 0.03355 0.24778 0.020386
+S1 +Fridge36  v 0.5 0.5 0.5 0.5 0.5 -0.5 0.5 -0.5 0.5 0.5 -0.5 -0.5 -0.5 0.5 0.5 -0.5 0.5 -0.5 -0.5 -0.5 0.5 -0.5 -0.5 -0.5   p -2.01494 1.07783 0.975099 r 0 0 0 1  s 0.724208 1.013 1.96681
+S1 +GarbageCan37  v 0.5 0.5 0.5 0.5 0.5 -0.5 0.5 -0.5 0.5 0.5 -0.5 -0.5 -0.5 0.5 0.5 -0.5 0.5 -0.5 -0.5 -0.5 0.5 -0.5 -0.5 -0.5   p -1.9335 2.029 0.21202 r 0 0 0 1  s 0.339774 0.50375 0.424041
+S1 +HousePlant38  v 0.5 0.5 0.5 0.5 0.5 -0.5 0.5 -0.5 0.5 0.5 -0.5 -0.5 -0.5 0.5 0.5 -0.5 0.5 -0.5 -0.5 -0.5 0.5 -0.5 -0.5 -0.5   p -1.98053 -2.59166 1.19584 r 0 0 0 1  s 0.530156 0.443843 0.591686
+S1 +Kettle39  v 0.5 0.5 0.5 0.5 0.5 -0.5 0.5 -0.5 0.5 0.5 -0.5 -0.5 -0.5 0.5 0.5 -0.5 0.5 -0.5 -0.5 -0.5 0.5 -0.5 -0.5 -0.5   p 1.03734 -2.5933 0.993569 r 0 0 0 1  s 0.196798 0.208885 0.186738
+S1 +Knife40  v 0.5 0.5 0.5 0.5 0.5 -0.5 0.5 -0.5 0.5 0.5 -0.5 -0.5 -0.5 0.5 0.5 -0.5 0.5 -0.5 -0.5 -0.5 0.5 -0.5 -0.5 -0.5   p -1.68165 -0.250399 0.790902 r 0 0 0 1  s 0.232122 0.26829 0.013587
+S1 +Lettuce41  v 0.5 0.5 0.5 0.5 0.5 -0.5 0.5 -0.5 0.5 0.5 -0.5 -0.5 -0.5 0.5 0.5 -0.5 0.5 -0.5 -0.5 -0.5 0.5 -0.5 -0.5 -0.5   p -1.8039 -0.936235 0.973749 r 0 0 0 1  s 0.248538 0.159184 0.1475
+S1 +LightSwitch42  v 0.5 0.5 0.5 0.5 0.5 -0.5 0.5 -0.5 0.5 0.5 -0.5 -0.5 -0.5 0.5 0.5 -0.5 0.5 -0.5 -0.5 -0.5 0.5 -0.5 -0.5 -0.5   p 2.31048 -0.16 1.309 r 0 0 0 1  s 0.040074 0.091367 0.148671
+S1 +Microwave43  v 0.5 0.5 0.5 0.5 0.5 -0.5 0.5 -0.5 0.5 0.5 -0.5 -0.5 -0.5 0.5 0.5 -0.5 0.5 -0.5 -0.5 -0.5 0.5 -0.5 -0.5 -0.5   p -0.236431 -2.51059 1.86578 r 0 0 0 1  s 0.606368 0.388868 0.353523
+S1 +Mug44  v 0.5 0.5 0.5 0.5 0.5 -0.5 0.5 -0.5 0.5 0.5 -0.5 -0.5 -0.5 0.5 0.5 -0.5 0.5 -0.5 -0.5 -0.5 0.5 -0.5 -0.5 -0.5   p -1.77233 -0.62076 0.951907 r 0 0 0 1  s 0.125589 0.102515 0.103636
+S1 +Pan45  v 0.5 0.5 0.5 0.5 0.5 -0.5 0.5 -0.5 0.5 0.5 -0.5 -0.5 -0.5 0.5 0.5 -0.5 0.5 -0.5 -0.5 -0.5 0.5 -0.5 -0.5 -0.5   p 0.72121 -2.49099 0.918191 r 0 0 0 1  s 0.240545 0.412923 0.036883
+S1 +PaperTowelRoll46  v 0.5 0.5 0.5 0.5 0.5 -0.5 0.5 -0.5 0.5 0.5 -0.5 -0.5 -0.5 0.5 0.5 -0.5 0.5 -0.5 -0.5 -0.5 0.5 -0.5 -0.5 -0.5   p -2.07071 -0.816401 1.00748 r 0 0 0 1  s 0.077642 0.065046 0.214944
+S1 +PepperShaker47  v 0.5 0.5 0.5 0.5 0.5 -0.5 0.5 -0.5 0.5 0.5 -0.5 -0.5 -0.5 0.5 0.5 -0.5 0.5 -0.5 -0.5 -0.5 0.5 -0.5 -0.5 -0.5   p 0.30031 -2.4655 0.957086 r 0 0 0 1  s 0.066887 0.067096 0.114152
+S1 +Plate48  v 0.5 0.5 0.5 0.5 0.5 -0.5 0.5 -0.5 0.5 0.5 -0.5 -0.5 -0.5 0.5 0.5 -0.5 0.5 -0.5 -0.5 -0.5 0.5 -0.5 -0.5 -0.5   p 0.957922 -2.60748 1.65729 r 0 0 0 1  s 0.206827 0.210526 0.024593
+S1 +Pot49  v 0.5 0.5 0.5 0.5 0.5 -0.5 0.5 -0.5 0.5 0.5 -0.5 -0.5 -0.5 0.5 0.5 -0.5 0.5 -0.5 -0.5 -0.5 0.5 -0.5 -0.5 -0.5   p -1.2187 -2.356 0.958302 r 0 0 0 1  s 0.27412 0.222112 0.116594
+S1 +Potato50  v 0.5 0.5 0.5 0.5 0.5 -0.5 0.5 -0.5 0.5 0.5 -0.5 -0.5 -0.5 0.5 0.5 -0.5 0.5 -0.5 -0.5 -0.5 0.5 -0.5 -0.5 -0.5   p -1.65783 -2.15062 0.932944 r 0 0 0 1  s 0.090776 0.090776 0.065889
+S1 +SaltShaker51  v 0.5 0.5 0.5 0.5 0.5 -0.5 0.5 -0.5 0.5 0.5 -0.5 -0.5 -0.5 0.5 0.5 -0.5 0.5 -0.5 -0.5 -0.5 0.5 -0.5 -0.5 -0.5   p 0.346777 -2.56688 0.955406 r 0 0 0 1  s 0.068046 0.06811 0.1108
+S1 +Shelf52  v 0.5 0.5 0.5 0.5 0.5 -0.5 0.5 -0.5 0.5 0.5 -0.5 -0.5 -0.5 0.5 0.5 -0.5 0.5 -0.5 -0.5 -0.5 0.5 -0.5 -0.5 -0.5   p 1.75848 -2.48438 0.315115 r 0 0 0 1  s 0.796416 0.155438 0.295004
+S1 +Shelf53  v 0.5 0.5 0.5 0.5 0.5 -0.5 0.5 -0.5 0.5 0.5 -0.5 -0.5 -0.5 0.5 0.5 -0.5 0.5 -0.5 -0.5 -0.5 0.5 -0.5 -0.5 -0.5   p 1.75838 -2.52706 0.977154 r 0 0 0 1  s 0.786073 0.078049 0.202481
+S1 +Shelf54  v 0.5 0.5 0.5 0.5 0.5 -0.5 0.5 -0.5 0.5 0.5 -0.5 -0.5 -0.5 0.5 0.5 -0.5 0.5 -0.5 -0.5 -0.5 0.5 -0.5 -0.5 -0.5   p 1.75848 -2.48793 0.671897 r 0 0 0 1  s 0.796416 0.16254 0.247893
+S1 +ShelvingUnit55  v 0.5 0.5 0.5 0.5 0.5 -0.5 0.5 -0.5 0.5 0.5 -0.5 -0.5 -0.5 0.5 0.5 -0.5 0.5 -0.5 -0.5 -0.5 0.5 -0.5 -0.5 -0.5   p 1.75101 -2.56001 0.74232 r 0 0 0 1  s 0.939401 0.466134 1.48449
+S1 +Sink56  v 0.5 0.5 0.5 0.5 0.5 -0.5 0.5 -0.5 0.5 0.5 -0.5 -0.5 -0.5 0.5 0.5 -0.5 0.5 -0.5 -0.5 -0.5 0.5 -0.5 -0.5 -0.5   p -1.9061 -1.487 0.447 r 0 0 0 1  s 0.510201 0.806001 0.894
+S1 +Sink57  v 0.5 0.5 0.5 0.5 0.5 -0.5 0.5 -0.5 0.5 0.5 -0.5 -0.5 -0.5 0.5 0.5 -0.5 0.5 -0.5 -0.5 -0.5 0.5 -0.5 -0.5 -0.5   p -1.9 -1.5 0.819371 r 0 0 0 1  s 0.397222 0.694492 0.136597
+S1 +SoapBottle58  v 0.5 0.5 0.5 0.5 0.5 -0.5 0.5 -0.5 0.5 0.5 -0.5 -0.5 -0.5 0.5 0.5 -0.5 0.5 -0.5 -0.5 -0.5 0.5 -0.5 -0.5 -0.5   p -1.99149 -2.03101 0.990049 r 0 0 0 1  s 0.065489 0.068094 0.18021
+S1 +Spatula59  v 0.5 0.5 0.5 0.5 0.5 -0.5 0.5 -0.5 0.5 0.5 -0.5 -0.5 -0.5 0.5 0.5 -0.5 0.5 -0.5 -0.5 -0.5 0.5 -0.5 -0.5 -0.5   p 0.411599 -2.40564 0.907889 r 0 0 0 1  s 0.115484 0.29763 0.018295
+S1 +Spoon60  v 0.5 0.5 0.5 0.5 0.5 -0.5 0.5 -0.5 0.5 0.5 -0.5 -0.5 -0.5 0.5 0.5 -0.5 0.5 -0.5 -0.5 -0.5 0.5 -0.5 -0.5 -0.5   p 0.983204 -2.30052 0.775853 r 0 0 0 1  s 0.040984 0.207076 0.018979
+S1 +Statue61  v 0.5 0.5 0.5 0.5 0.5 -0.5 0.5 -0.5 0.5 0.5 -0.5 -0.5 -0.5 0.5 0.5 -0.5 0.5 -0.5 -0.5 -0.5 0.5 -0.5 -0.5 -0.5   p 1.96114 -2.51624 0.256863 r 0 0 0 1  s 0.375454 0.214818 0.145405
+S1 +Stool62  v 0.5 0.5 0.5 0.5 0.5 -0.5 0.5 -0.5 0.5 0.5 -0.5 -0.5 -0.5 0.5 0.5 -0.5 0.5 -0.5 -0.5 -0.5 0.5 -0.5 -0.5 -0.5   p 0.698654 -0.511926 0.378287 r 0 0 0 1  s 0.586374 0.683518 0.756557
+S1 +Stool63  v 0.5 0.5 0.5 0.5 0.5 -0.5 0.5 -0.5 0.5 0.5 -0.5 -0.5 -0.5 0.5 0.5 -0.5 0.5 -0.5 -0.5 -0.5 0.5 -0.5 -0.5 -0.5   p 0.739583 0.564933 0.378284 r 0 0 0 1  s 0.522305 0.665235 0.756553
+S1 +StoveBurner64  v 0.5 0.5 0.5 0.5 0.5 -0.5 0.5 -0.5 0.5 0.5 -0.5 -0.5 -0.5 0.5 0.5 -0.5 0.5 -0.5 -0.5 -0.5 0.5 -0.5 -0.5 -0.5   p -0.4652 -2.372 0.935467 r 0 0 0 1  s 0.202599 0.202598 0.032085
+S1 +StoveBurner65  v 0.5 0.5 0.5 0.5 0.5 -0.5 0.5 -0.5 0.5 0.5 -0.5 -0.5 -0.5 0.5 0.5 -0.5 0.5 -0.5 -0.5 -0.5 0.5 -0.5 -0.5 -0.5   p -0.0361 -2.5762 0.935467 r 0 0 0 1  s 0.202598 0.202598 0.032085
+S1 +StoveBurner66  v 0.5 0.5 0.5 0.5 0.5 -0.5 0.5 -0.5 0.5 0.5 -0.5 -0.5 -0.5 0.5 0.5 -0.5 0.5 -0.5 -0.5 -0.5 0.5 -0.5 -0.5 -0.5   p -0.4652 -2.576 0.935467 r 0 0 0 1  s 0.202599 0.202598 0.032085
+S1 +StoveBurner67  v 0.5 0.5 0.5 0.5 0.5 -0.5 0.5 -0.5 0.5 0.5 -0.5 -0.5 -0.5 0.5 0.5 -0.5 0.5 -0.5 -0.5 -0.5 0.5 -0.5 -0.5 -0.5   p -0.0361 -2.3722 0.935467 r 0 0 0 1  s 0.202598 0.202598 0.032085
+S1 +StoveKnob68  v 0.5 0.5 0.5 0.5 0.5 -0.5 0.5 -0.5 0.5 0.5 -0.5 -0.5 -0.5 0.5 0.5 -0.5 0.5 -0.5 -0.5 -0.5 0.5 -0.5 -0.5 -0.5   p -0.4835 -2.17968 0.889319 r 0 0 0 1  s 0.075117 0.082137 0.082137
+S1 +StoveKnob69  v 0.5 0.5 0.5 0.5 0.5 -0.5 0.5 -0.5 0.5 0.5 -0.5 -0.5 -0.5 0.5 0.5 -0.5 0.5 -0.5 -0.5 -0.5 0.5 -0.5 -0.5 -0.5   p -0.022 -2.17968 0.889319 r 0 0 0 1  s 0.075117 0.082137 0.082137
+S1 +StoveKnob70  v 0.5 0.5 0.5 0.5 0.5 -0.5 0.5 -0.5 0.5 0.5 -0.5 -0.5 -0.5 0.5 0.5 -0.5 0.5 -0.5 -0.5 -0.5 0.5 -0.5 -0.5 -0.5   p -0.329 -2.17968 0.889319 r 0 0 0 1  s 0.075117 0.082137 0.082137
+S1 +StoveKnob71  v 0.5 0.5 0.5 0.5 0.5 -0.5 0.5 -0.5 0.5 0.5 -0.5 -0.5 -0.5 0.5 0.5 -0.5 0.5 -0.5 -0.5 -0.5 0.5 -0.5 -0.5 -0.5   p -0.1831 -2.17968 0.889319 r 0 0 0 1  s 0.075117 0.082137 0.082137
+S1 +Toaster72  v 0.5 0.5 0.5 0.5 0.5 -0.5 0.5 -0.5 0.5 0.5 -0.5 -0.5 -0.5 0.5 0.5 -0.5 0.5 -0.5 -0.5 -0.5 0.5 -0.5 -0.5 -0.5   p -1.82674 0.134 1.00217 r 0 0 0 1  s 0.340617 0.192838 0.204286
+S1 +Tomato73  v 0.5 0.5 0.5 0.5 0.5 -0.5 0.5 -0.5 0.5 0.5 -0.5 -0.5 -0.5 0.5 0.5 -0.5 0.5 -0.5 -0.5 -0.5 0.5 -0.5 -0.5 -0.5   p -0.384198 -0.812005 1.13701 r 0 0 0 1  s 0.108056 0.111069 0.074028
+S1 +Vase74  v 0.5 0.5 0.5 0.5 0.5 -0.5 0.5 -0.5 0.5 0.5 -0.5 -0.5 -0.5 0.5 0.5 -0.5 0.5 -0.5 -0.5 -0.5 0.5 -0.5 -0.5 -0.5   p 1.56199 -2.49975 0.591446 r 0 0 0 1  s 0.150993 0.150992 0.070172
+S1 +Vase75  v 0.5 0.5 0.5 0.5 0.5 -0.5 0.5 -0.5 0.5 0.5 -0.5 -0.5 -0.5 0.5 0.5 -0.5 0.5 -0.5 -0.5 -0.5 0.5 -0.5 -0.5 -0.5   p 1.98803 -2.48701 0.678383 r 0 0 0 1  s 0.189224 0.189229 0.244053
+S1 +Window76  v 0.5 0.5 0.5 0.5 0.5 -0.5 0.5 -0.5 0.5 0.5 -0.5 -0.5 -0.5 0.5 0.5 -0.5 0.5 -0.5 -0.5 -0.5 0.5 -0.5 -0.5 -0.5   p -2.29608 -1.20157 1.52007 r 0 0 0 1  s 0.210566 1.79838 1.23625
+S1 +WineBottle77  v 0.5 0.5 0.5 0.5 0.5 -0.5 0.5 -0.5 0.5 0.5 -0.5 -0.5 -0.5 0.5 0.5 -0.5 0.5 -0.5 -0.5 -0.5 0.5 -0.5 -0.5 -0.5   p -1.00101 -2.58384 1.80791 r 0 0 0 1  s 0.088188 0.088188 0.325798
# Example updates to robot
COMMAND: +S1 +view_dir  p -0.6 1.75 1.601 r 0.258819 4.48288e-08 0.965926 -1.67303e-07  s 0.75 0.375 0.375
COMMAND: +S1 +view_dir  p -0.6 1.75 1.601 r 0 0 1 -1.73205e-07  s 0.75 0.375 0.375
COMMAND: +S1 +view_dir  p -0.6 1.75 1.601 r -0.258819 -4.48288e-08 0.965926 -1.67303e-07  s 0.75 0.375 0.375
COMMAND: +S1 +view_dir  p -0.6 1.75 1.601 r -0.5 -8.66026e-08 0.866025 -1.5e-07  s 0.75 0.375 0.375
COMMAND: +S1 +view_dir  p -0.6 1.75 1.601 r -0.258819 -4.48288e-08 0.965926 -1.67303e-07  s 0.75 0.375 0.375
COMMAND: +S1 +view_dir  p -0.6 1.75 1.601 r 0 0 1 -1.73205e-07  s 0.75 0.375 0.375
COMMAND: +S1 +robot_pos  p -0.5 1.75 0.900999 r 0 0 0.707107 0.707107  s 1 1 1
COMMAND: +S1 +robot_body  p -0.5 1.95 0.900999 r 0 0 0.707107 0.707107  s 0.5 0.5 1
COMMAND: +S1 +view_dir  p -0.5 1.85 1.601 r 0 0 0.707107 0.707107  s 0.75 0.375 0.375
COMMAND: +S1 +robot  p -0.5 1.75 0.900999 r 0 0 0.707107 0.707107  s 1 1 1
COMMAND: +S1 +robot_pos  p -0.5 1.75 0.900999 r 0 0 0 1  s 1 1 1
COMMAND: +S1 +robot_body  p -0.3 1.75 0.900999 r 0 0 0 1  s 0.5 0.5 1
COMMAND: +S1 +view_dir  p -0.4 1.75 1.601 r 0 0 0 1  s 0.75 0.375 0.375
COMMAND: +S1 +robot  p -0.5 1.75 0.900999 r 0 0 0 1  s 1 1 1
COMMAND: +S1 +robot_pos  p -0.5 1.75 0.900999 r 0 0 -0.707107 0.707107  s 1 1 1
COMMAND: +S1 +robot_body  p -0.5 1.55 0.900999 r 0 0 -0.707107 0.707107  s 0.5 0.5 1
COMMAND: +S1 +view_dir  p -0.5 1.65 1.601 r 0 0 -0.707107 0.707107  s 0.75 0.375 0.375
COMMAND: +S1 +robot  p -0.5 1.75 0.900999 r 0 0 -0.707107 0.707107  s 1 1 1
COMMAND: +S1 +robot_pos  p -0.5 1.75 0.900999 r 0 0 1 -1.73205e-07  s 1 1 1
COMMAND: +S1 +robot_body  p -0.7 1.75 0.900999 r 0 0 1 -1.73205e-07  s 0.5 0.5 1
COMMAND: +S1 +view_dir  p -0.6 1.75 1.601 r 0 0 1 -1.73205e-07  s 0.75 0.375 0.375
COMMAND: +S1 +robot  p -0.5 1.75 0.900999 r 0 0 1 -1.73205e-07  s 1 1 1
COMMAND: +S1 +robot_pos  p -0.5 1.75 0.900999 r 0 0 0.707107 0.707107  s 1 1 1
COMMAND: +S1 +robot_body  p -0.5 1.95 0.900999 r 0 0 0.707107 0.707107  s 0.5 0.5 1
COMMAND: +S1 +view_dir  p -0.5 1.85 1.601 r 0 0 0.707107 0.707107  s 0.75 0.375 0.375
COMMAND: +S1 +robot  p -0.5 1.75 0.900999 r 0 0 0.707107 0.707107  s 1 1 1
